# http://cura.free.fr/gauq/23gdF3.txt
# 軍事專業？

563 NEW BIRTH DATA of ARMY PROFESSIONALS

Miscellaneous Data, F, 3 (all data from birth certificate)

© Laboratoire d'Etude des Relations entre Rythmes Cosmiques et Psychophysiologiques
(LERRCP), Paris ; C.U.R.A. (http://cura.free.fr), 2002

Notice:
1 ... 563 = number
24 = abbreviated code of Birth place indicating County of birth or the French
 "Departement" (here Dordogne)
27 31829 = Birthdate: Day, Month, Year of birth
 730 0 = Birthtime: converted to standard time, either for zone 0 (= GMT) or -1 (= CET)
0 or -1 = Time zone at the place of birth and date of birth
45N11 = Latitude of Birth place
 0E44 = Longitude of Birth place


    1   2427 31829 730 0 045N11 0E44 
    2   7526 2184310 0 0 048N50 2E20 
    3   21 8 7182418 0 0 047N19 5E 2 
    4   4724 4184912 0 0-144N12 0E38 
    5   52 3 1182119 0 0 048N 7 5E 8 
    6   61 4 6182113 0 0 048N26 0E 5 
    7   26 8 71813 4 0 0 044N56 4E54 
    8   7923 71833 9 0 0 046N19 0W27 
    9   46 6 1182310 0 0 044N27 1E26 
   10   7723 11807 25040 048N33 2E40 
   11   89 9 81829 4 0 0 047N48 3E35 
   12   5928 3182410 0 0 050N39 3E 5 
   13   371212181510 0 0 047N24 0E42 
   14   66 910182211 0 0 042N42 2E55 
   15   7714 4182517 0 0 048N33 2E40 
   16   51 3121816 6 0 0 048N57 4E22 
   17   6228 2182423 0 0 050N18 2E46 
   18   52 9 21819 1 0 0 048N 7 5E 8 
   19   39 5 91820 4 0 0 046N40 5E33 
   20   4916 3181311 0 0 047N28 0W32 
   21   66 8121824 4 0 0 042N42 2E55 
   22   7618 81830 1 0 0 049N26 1E 5 
   23   5429 718451730 0 048N42 6E12 
   24   3117 4181511 0 0 043N37 1E26 
   25   5922101809155040 050N39 3E 5 
   26   3916 41820 0 0 0 046N40 5E33 
   27   41 1 21825 7 0 0 047N35 1E20 
   28   2128 6182914 0 0 047N19 5E 2 
   29   2313 21818 6 0 0 046N17 1E52 
   30   3920 6181315 0 0 046N40 5E33 
   31   351012182819 0 0 048N 7 1W40 
   32   82 6 31833 6 0 0 044N 1 1E20 
   33   4530 5182711 0 0 047N54 1E54 
   34   29 2 8182121 0 0 048N 0 4W 6 
   35   7521 71820 030 0 048N50 2E20 
   36   57 3 4182717 0 0 049N 7 6E11 
   37   4425 2182116 0 0 047N13 1W35 
   38   5418 2192222 0 0 048N42 6E12 
   39   01 6 6182321 0 0 046N12 5E13 
   40   5416 71820 330 0 048N42 6E12 
   41   7125121905105040 046N18 4E50 
   42   7826 31907145040 048N50 2E 8 
   43   812312192017 0 0 043N55 2E 8 
   44   5129 41908 85040 048N57 4E22 
   45   7616111903115040 049N26 1E 5 
   46   7516101904 52040 048N50 2E20 
   47   1312121903 25040 043N18 5E22 
   48   5615 8191714 0 0 047N40 2W44 
   49   1610101910 95040 045N39 0E10 
   50   8826 61914 4 0 0 048N10 6E28 
   51   5416 61917 0 0 0 048N42 6E12 
   52   5229 8191119 0 0 048N 7 5E 8 
   53   84 6 91918 4 0 0 043N57 4E50 
   54   7525 51867105040 048N50 2E20 
   55   75 3 71908135040 048N50 2E20 
   56   06 2 91903 45040 043N42 7E16 
   57   7822 31905 75040 048N50 2E 8 
   58   5020 1191510 0 0 049N 7 1W 5 
   59   0224 31914 530 0 049N34 3E37 
   60   5410 31910 55040 048N42 6E12 
   61   33 5 51918 5 0 0 044N50 0W34 
   62   1513 41905 35040 044N56 2E26 
   63   6619 3191412 0 0 042N42 2E55 
   64   13 6 3191816 0 0 043N18 5E22 
   65   2414 51914 3 0 0 045N11 0E44 
   66   7525 11902 42040 048N50 2E20 
   67   7613 91909121540 049N26 1E 5 
   68   0629 21920 0 0 0 043N42 7E16 
   69   4130 51903215040 047N35 1E20 
   70   7825 31909155040 048N50 2E 8 
   71   63 7 3192611 0 0 045N47 3E 5 
   72   42 3 91894125040 045N26 4E23 
   73   7123 51907 65040 046N18 4E50 
   74   7323 7191614 0 0 045N34 5E55 
   75   69 8101907145040 045N46 4E50 
   76   7417 31904 13540 045N54 6E 7 
   77   1423 71918 915 0 049N11 0W22 
   78   0312 71919 130 0 046N34 3E20 
   79   7714 61877154920 048N33 2E40 
   80   49 3101906122040 047N28 0W32 
   81   49 1 51909202040 047N28 0W32 
   82   8124 3191211 0 0 043N55 2E 8 
   83   57251119141215 0-149N 7 6E11 
   84   3318 71907 75040 044N50 0W34 
   85   28 5 71914 7 0 0 048N27 1E30 
   86   5913111890 64740 050N39 3E 5 
   87   4416121907225040 047N13 1W35 
   88   2226 21887 211 0 048N31 2W45 
   89   2923 1192220 0 0 048N 0 4W 6 
   90   5431 3191223 0 0 048N42 6E12 
   91   1724 9188816 440 046N 9 1W10 
   92   1811 71912 015 0 047N 5 2E23 
   93   0210 31894 03540 049N34 3E37 
   94   17 31219122155 0 046N 9 1W10 
   95   5430 11913 1 0 0 048N42 6E12 
   96   7523 51908105040 048N50 2E20 
   97   75 7 91915 930 0 048N50 2E20 
   98   55 7 51908125040 048N46 5E10 
   99   60 1 31874 65140 049N26 2E 5 
  100   2229 2191618 0 0 048N31 2W45 
  101   5217 51898135040 048N 7 5E 8 
  102   8623121919 6 0 0 046N35 0E20 
  103   66 7 91891225040 042N42 2E55 
  104   4415 61905 45040 047N13 1W35 
  105   5913 91910 95040 050N39 3E 5 
  106   36 6 51902 92040 046N49 1E41 
  107   71 7 41899 35040 046N18 4E50 
  108   5617 61907 25040 047N40 2W44 
  109   18 7 41905155040 047N 5 2E23 
  110   3412 11890 44428 043N37 3E53 
  111   6924 41918 7 0 0 045N46 4E50 
  112   2428121917 3 0 0 045N11 0E44 
  113   70 4101920 0 0 0 047N37 6E 9 
  114   62 7 9191110 0 0 050N18 2E46 
  115   70291119172030 0 047N37 6E 9 
  116   23 5 61869 75232 046N17 1E52 
  117   33 1 11922 730 0 044N50 0W34 
  118   2923 9191222 0 0 048N 0 4W 6 
  119   59 8 11896155040 050N39 3E 5 
  120   13 210191115 0 0 043N18 5E22 
  121   0220 219171030 0 049N34 3E37 
  122   52 8 819202130 0 048N 7 5E 8 
  123   3121111906215040 043N37 1E26 
  124   4726 4191720 0 0 044N12 0E38 
  125   7314 31909104040 045N34 5E55 
  126   7313 61870 23620 045N34 5E55 
  127   42 1101874 21228 045N26 4E23 
  128   6110 81909185040 048N26 0E 5 
  129   0930 91909 95040 042N58 1E35 
  130   73 9 51920 2 0 0 045N34 5E55 
  131   4214 5191720 0 0 045N26 4E23 
  132   76 7 91900193540 049N26 1E 5 
  133   37 2 31895 35040 047N24 0E42 
  134   29 4 91908 62040 048N 0 4W 6 
  135   3119111912 8 0 0 043N37 1E26 
  136   64 5101887 9 128 043N18 0W22 
  137   6627 81912 8 0 0 042N42 2E55 
  138   11 710191217 0 0 043N12 2E21 
  139   7512 6191411 0 0 048N50 2E20 
  140   5516101906 75040 048N46 5E10 
  141   0410 91893 35040 044N 6 6E15 
  142   25 7 11902 35040 047N15 6E 2 
  143   5517121891 95040 048N46 5E10 
  144   0323 11906 92040 046N34 3E20 
  145   3510111922 9 0 0 048N 7 1W40 
  146   13 3 51922 3 0 0 043N18 5E22 
  147   59 5 91897185040 050N39 3E 5 
  148   4315 81917 6 0 0 045N 3 3E53 
  149   2213 2189711 540 048N31 2W45 
  150   7514121905155040 048N50 2E20 
  151   2628 1191610 0 0 044N56 4E54 
  152   1318 61910195040 043N18 5E22 
  153   4922101888 4 2 8 047N28 0W32 
  154   2928 91920 445 0 048N 0 4W 6 
  155   31 4 91902195040 043N37 1E26 
  156   7826101916 5 0 0 048N50 2E 8 
  157   3423 21898 45040 043N37 3E53 
  158   1227 41886164944 044N21 2E34 
  159   4614 11895 85040 044N27 1E26 
  160   1231 5191410 0 0 044N21 2E34 
  161   63 1 21903205040 045N47 3E 5 
  162   77 5 6190314 540 048N33 2E40 
  163   58 5 81913 9 0 0 046N59 3E 9 
  164   4028 818761832 0 043N54 0W30 
  165   6419 4191523 0 0 043N18 0W22 
  166   2419 41912 4 0 0 045N11 0E44 
  167   3322 21905112040 044N50 0W34 
  168   3718 81916 5 0 0 047N24 0E42 
  169   5418 21915 9 0 0 048N42 6E12 
  170   80 1 91908 05040 049N54 2E18 
  171   5417121906 02040 048N42 6E12 
  172   2910 71891 45040 048N 0 4W 6 
  173   6218 61915 9 0 0 050N18 2E46 
  174   73 6 2191611 0 0 045N34 5E55 
  175   5413 91905 12040 048N42 6E12 
  176   7513 11882185040 048N50 2E20 
  177   6212 81890224856 050N18 2E46 
  178   5427121910195040 048N42 6E12 
  179   1129 21908195040 043N12 2E21 
  180   6914 21898222540 045N46 4E50 
  181   75 5 21910 05040 048N50 2E20 
  182   7225 81923 730 0 048N 1 0E12 
  183   06 5101912 1 0 0 043N42 7E16 
  184   8122 31910 95040 043N55 2E 8 
  185   121912191419 0 0 044N21 2E34 
  186   1525121903135040 044N56 2E26 
  187   74 6111918 455 0 045N54 6E 7 
  188   2110121902222040 047N19 5E 2 
  189   6210 2191718 0 0 050N18 2E46 
  190   3516 6192515 0 0 048N 7 1W40 
  191   81 9 1191511 0 0 043N55 2E 8 
  192   6410 91904 65040 043N18 0W22 
  193   3711 4191311 0 0 047N24 0E42 
  194   5614101908125040 047N40 2W44 
  195   23 7 51894 05040 046N17 1E52 
  196   2210111903 85040 048N31 2W45 
  197   2916 71903 35040 048N 0 4W 6 
  198   6213 919132130 0 050N18 2E46 
  199   6427101910 82040 043N18 0W22 
  200   87 1 61900215040 045N50 1E15 
  201   24 5 2191820 0 0 045N11 0E44 
  202   5416 31913 7 0 0 048N42 6E12 
  203   60 5 71907 75040 049N26 2E 5 
  204   54 9 71894 25040 048N42 6E12 
  205   52 1 31882 13928 048N 7 5E 8 
  206   7827 31900202040 048N50 2E 8 
  207   64 5 6186914 128 043N18 0W22 
  208   5621121893232040 047N40 2W44 
  209   8811 819261930 0 048N10 6E28 
  210   5628111906 7 040 047N40 2W44 
  211   3326 61936 5 0 0 044N50 0W34 
  212   5618 81919 5 0 0 047N40 2W44 
  213   2212 71908195040 048N31 2W45 
  214   7514 7191215 0 0 048N50 2E20 
  215   9019 4191117 0 0 047N38 6E52 
  216   33 2 31904185040 044N50 0W34 
  217   16 7 91906 42040 045N39 0E10 
  218   433012192313 0 0 045N 3 3E53 
  219   3313 4191712 0 0 044N50 0W34 
  220   7123 91910235040 046N18 4E50 
  221   64 3101902 65040 043N18 0W22 
  222   521912191813 0 0 048N 7 5E 8 
  223   2715 71909 45040 049N 1 1E11 
  224   8721 41912 115 0 045N50 1E15 
  225   371210191922 0 0 047N24 0E42 
  226   2529 11915 1 0 0 047N15 6E 2 
  227   03 8 119151630 0 046N34 3E20 
  228   1615 2191414 0 0 045N39 0E10 
  229   09 7 3191713 0 0 042N58 1E35 
  230   5115 71912 1 0 0 048N57 4E22 
  231   5821 71902122040 046N59 3E 9 
  232   3424 9191718 0 0 043N37 3E53 
  233   5927 21903132040 050N39 3E 5 
  235   70 4101903105040 047N37 6E 9 
  236   8815 41900 05040 048N10 6E28 
  237   61 1 81903 45040 048N26 0E 5 
  238   5811 21906 05040 046N59 3E 9 
  239   6912 91916 740 0 045N46 4E50 
  240   4526 31904205040 047N54 1E54 
  241   76 1 81904 75040 049N26 1E 5 
  242   1328 2191722 0 0 043N18 5E22 
  243   8824 21905 05040 048N10 6E28 
  244   6912 91907 55040 045N46 4E50 
  245   80 4 9192022 0 0 049N54 2E18 
  246   5431 5192211 0 0 048N42 6E12 
  247   8816 31891115040 048N10 6E28 
  248   8812 7191814 0 0 048N10 6E28 
  249   40 6 61890 5 2 0 043N54 0W30 
  250   3819 31892 85040 045N11 5E43 
  251   8420 8191716 0 0 043N57 4E50 
  252   8317111919 2 0 0 043N32 6E28 
  253   3330 9188716 216 044N50 0W34 
  254   6629 61907145040 042N42 2E55 
  255   4925 71891135040 047N28 0W32 
  256   7827 91910 55040 048N50 2E 8 
  257   02 910191423 0 0 049N34 3E37 
  258   4315 41913 1 0 0 045N 3 3E53 
  259   61 8 21907152040 048N26 0E 5 
  260   76 211191917 0 0 049N26 1E 5 
  261   73 2 31900 92040 045N34 5E55 
  262   7513 519162330 0 048N50 2E20 
  263   8823 91910 45040 048N10 6E28 
  264   8824121913 9 0 0 048N10 6E28 
  265   69 5 91909 45040 045N46 4E50 
  266   72 5 81909151040 048N 1 0E12 
  267   5413101909175040 048N42 6E12 
  268   2915121909111540 048N 0 4W 6 
  269   41 3 6191323 0 0 047N35 1E20 
  270   5110 6191212 0 0 048N57 4E22 
  271   78 9 11892182040 048N50 2E 8 
  272   4926121905195040 047N28 0W32 
  273   75 5 51888 7 540 048N50 2E20 
  274   51 6 71891155040 048N57 4E22 
  275   6210 41881201856 050N18 2E46 
  276   35211019141330 0 048N 7 1W40 
  277   132310191219 0 0 043N18 5E22 
  278   5429 31914 1 0 0 048N42 6E12 
  279   6224 61879122856 050N18 2E46 
  280   6029 71885135140 049N26 2E 5 
  281   6517 81910163040 043N14 0E 5 
  282   4420 51905 05040 047N13 1W35 
  283   1426 71906115040 049N11 0W22 
  284   31 7 7191812 0 0 043N37 1E26 
  285   03231019141545 0 046N34 3E20 
  286   4422 81905 95040 047N13 1W35 
  287   56 4 81916 3 0 0 047N40 2W44 
  288   5513 21911 55040 048N46 5E10 
  289   3518 71911 4 0 0 048N 7 1W40 
  290   59 2 71903192040 050N39 3E 5 
  291   8513 81914 5 0 0 046N40 1W25 
  292   5417 61920 8 0 0 048N42 6E12 
  293   8414 61910233540 043N57 4E50 
  294   8816 61902 05040 048N10 6E28 
  295   64 3 91881 7 128 043N18 0W22 
  296   8227 61888155440 044N 1 1E20 
  297   881812191720 0 0 048N10 6E28 
  298   9014 3191210 0 0 047N38 6E52 
  299   80 9 2191515 0 0 049N54 2E18 
  300   5523 31899125040 048N46 5E10 
  301   0522101916 030 0 044N33 6E 0 
  302   6311 21921 1 0 0 045N47 3E 5 
  303   2931 11899 25040 048N 0 4W 6 
  304   7129 8191622 0 0 046N18 4E50 
  305   4414 719131330 0 047N13 1W35 
  306   3814 7191220 0 0 045N11 5E43 
  307   3022 71899225040 043N51 4E21 
  308   8328 71906105040 043N32 6E28 
  309   7824 51910 75040 048N50 2E 8 
  310   7813111895 02040 048N50 2E 8 
  311   56 8121907135040 047N40 2W44 
  312   5623101902 25040 047N40 2W44 
  313   14 9 81901 85040 049N11 0W22 
  314   7513 21890 45040 048N50 2E20 
  315   13 810191311 0 0 043N18 5E22 
  316   7130 91878 54040 046N18 4E50 
  317   2415 3191820 0 0 045N11 0E44 
  318   6627 51908 75040 042N42 2E55 
  319   4610 81920 4 0 0 044N27 1E26 
  320   55 2 81908123540 048N46 5E10 
  321   6919 3192011 0 0 045N46 4E50 
  322   2916101909 02040 048N 0 4W 6 
  323   3526 51913 215 0 048N 7 1W40 
  324   62 8 8191921 0 0 050N18 2E46 
  325   0825111896 35040 049N46 4E44 
  326   0629101908 65040 043N42 7E16 
  327   75 8 1191511 0 0 048N50 2E20 
  328   3430 91909 72040 043N37 3E53 
  329   29211219132015 0 048N 0 4W 6 
  330   6326 71894 85040 045N47 3E 5 
  331   56 2121909155040 047N40 2W44 
  332   80 6 31912 5 0 0 049N54 2E18 
  333   47 4 71908 95040 044N12 0E38 
  334   341610191516 0 0 043N37 3E53 
  335   9010121905165040 047N38 6E52 
  336   7510 11883145040 048N50 2E20 
  337   8328 6191216 0 0 043N32 6E28 
  338   7228 21900135040 048N 1 0E12 
  339   63 3 419131530 0 045N47 3E 5 
  340   5624 21909182040 047N40 2W44 
  341   5511 91879 33920 048N46 5E10 
  342   59 1 61908132040 050N39 3E 5 
  343   351012192113 0 0 048N 7 1W40 
  344   2922 11905195040 048N 0 4W 6 
  345   8329 3191512 0 0 043N32 6E28 
  346   80 2121910115040 049N54 2E18 
  347   6030 41899232040 049N26 2E 5 
  348   86 7 71912 5 0 0 046N35 0E20 
  349   2428111903212040 045N11 0E44 
  350   1225 6191422 0 0 044N21 2E34 
  351   3426111908105040 043N37 3E53 
  352   2930 51904 45040 048N 0 4W 6 
  353   3131 51908205040 043N37 1E26 
  354   1913 91904 95040 045N16 1E46 
  355   55131019111730 0 048N46 5E10 
  356   44 1 21898233540 047N13 1W35 
  357   44 3 41904 65040 047N13 1W35 
  358   7629 419151130 0 049N26 1E 5 
  359   2020 71903 35040 041N55 8E45 
  360   85 71119182230 0 046N40 1W25 
  361   5027111903125040 049N 7 1W 5 
  362   86 7 5193113 0 0 046N35 0E20 
  363   0916 81903 35040 042N58 1E35 
  364   7515 219181145 0 048N50 2E20 
  365   4429 61906 72040 047N13 1W35 
  366   44 2 519131630 0 047N13 1W35 
  367   75 3111908135040 048N50 2E20 
  368   1818 81901 75040 047N 5 2E23 
  369   45 912191910 0 0 047N54 1E54 
  370   5924 11915 3 0 0 050N39 3E 5 
  371   5419 9191413 0 0 048N42 6E12 
  372   56 7 6191316 0 0 047N40 2W44 
  373   02 5 51910 01040 049N34 3E37 
  374   2316 21911145040 046N17 1E52 
  375   0324 2191811 0 0 046N34 3E20 
  376   2227 31898135040 048N31 2W45 
  377   75 3111901155040 048N50 2E20 
  378   81 1 81898122040 043N55 2E 8 
  379   741611191711 0 0 045N54 6E 7 
  380   7520 919172030 0 048N50 2E20 
  381   1520 11888 65016 044N56 2E26 
  382   5425 3190516 540 048N42 6E12 
  383   16 1 11911195040 045N39 0E10 
  384   14 8 1189115 128 049N11 0W22 
  385   5628 51907 05040 047N40 2W44 
  386   882211191820 0 0 048N10 6E28 
  387   09 6 21928 6 0 0 042N58 1E35 
  388   66 5121910175040 042N42 2E55 
  389   29 8 81909215040 048N 0 4W 6 
  390   56 2 21904195040 047N40 2W44 
  391   7021 51908192040 047N37 6E 9 
  392   26 7 2191614 0 0 044N56 4E54 
  393   2629 81914 645 0 044N56 4E54 
  394   3012 81894195040 043N51 4E21 
  395   7610 11893175040 049N26 1E 5 
  396   8824 51910162040 048N10 6E28 
  397   8011 81905125040 049N54 2E18 
  398   27 7 51918 9 0 0 049N 1 1E11 
  399   83 1 11908165040 043N32 6E28 
  400   77 2 21879 7 420 048N33 2E40 
  401   7520 31916 615 0 048N50 2E20 
  402   5414 11908 45040 048N42 6E12 
  403   6028 71906115040 049N26 2E 5 
  404   8229 71909 22040 044N 1 1E20 
  405   1621 51918 5 0 0 045N39 0E10 
  406   58 4121922 5 0 0 046N59 3E 9 
  407   7523 81895 95040 048N50 2E20 
  408   79 9 61904 25040 046N19 0W27 
  409   5521 9189215 540 048N46 5E10 
  410   02 9 21902195040 049N34 3E37 
  411   02 7 719331630 0 049N34 3E37 
  412   281512191222 0 0 048N27 1E30 
  413   7625 9192016 0 0 049N26 1E 5 
  414   3631101897145040 046N49 1E41 
  415   38 2101897115040 045N11 5E43 
  416   1315 81908135040 043N18 5E22 
  417   7519 71921 915 0 048N50 2E20 
  418   25 9 4191023 540 047N15 6E 2 
  419   88 4 319121330 0 048N10 6E28 
  420   1721111921 530 0 046N 9 1W10 
  421   591812191222 0 0 050N39 3E 5 
  422   7821101894 05040 048N50 2E 8 
  423   5915 41900225040 050N39 3E 5 
  424   7515 31892 25040 048N50 2E20 
  425   132411191720 0 0 043N18 5E22 
  426   2924 31904 02040 048N 0 4W 6 
  427   56 2 51903215040 047N40 2W44 
  428   83 1 21911 85040 043N32 6E28 
  429   83 4121907 15040 043N32 6E28 
  430   2019 91900 25040 041N55 8E45 
  431   2127 41916 2 0 0 047N19 5E 2 
  432   2319 31906 65040 046N17 1E52 
  433   59 6111921 330 0 050N39 3E 5 
  434   75 1 61901 55040 048N50 2E20 
  435   8813 71909 12040 048N10 6E28 
  436   262711191711 0 0 044N56 4E54 
  437   79 5 71910155040 046N19 0W27 
  438   1818101893 45040 047N 5 2E23 
  439   8711 11909 82040 045N50 1E15 
  440   31 9 9192119 0 0 043N37 1E26 
  441   29 7 11919 5 0 0 048N 0 4W 6 
  442   56 7 41922 4 0 0 047N40 2W44 
  443   89 4 11915 9 0 0 047N48 3E35 
  444   2013 61911 9 0 0 041N55 8E45 
  445   5127 91899 75040 048N57 4E22 
  446   8824 21899152040 048N10 6E28 
  447   5819111914 230 0 046N59 3E 9 
  448   7128 51888144040 046N18 4E50 
  449   8611 91913 9 0 0 046N35 0E20 
  450   5523 51917 1 0 0 048N46 5E10 
  451   8720 21900 95040 045N50 1E15 
  452   79 1 91910222040 046N19 0W27 
  453   67 6 918541829 0 048N35 7E45 
  454   37 8 51898205040 047N24 0E42 
  455   66 5 61901155040 042N42 2E55 
  456   8413 3191313 0 0 043N57 4E50 
  457   4511 11908113540 047N54 1E54 
  458   8720 31916 9 0 0 045N50 1E15 
  459   2018 91879 725 0 041N55 8E45 
  460   42 3 31917 930 0 045N26 4E23 
  461   6620 1191718 0 0 042N42 2E55 
  462   3520111897 65040 048N 7 1W40 
  463   2620 8191518 0 0 044N56 4E54 
  464   8630121909135040 046N35 0E20 
  465   2029111879 225 0 041N55 8E45 
  466   6521 81878135940 043N14 0E 5 
  467   59 5121919 2 0 0 050N39 3E 5 
  468   2521 11912 8 0 0 047N15 6E 2 
  469   3727121912 015 0 047N24 0E42 
  470   5321 7191719 0 0 048N 4 0W45 
  471   45 4 71910162040 047N54 1E54 
  472   6616 61918 2 0 0 042N42 2E55 
  473   4422111915 5 0 0 047N13 1W35 
  474   83 3 71897 55040 043N32 6E28 
  475   27 5 81910 35040 049N 1 1E11 
  476   7320 21905 05040 045N34 5E55 
  477   83 8 71903182040 043N32 6E28 
  478   8324101909 95040 043N32 6E28 
  479   8913121902192040 047N48 3E35 
  480   7226101897 45040 048N 1 0E12 
  481   19 6121911 6 0 0 045N16 1E46 
  482   88 9 9192013 0 0 048N10 6E28 
  483   26 5 9192013 0 0 044N56 4E54 
  484   8111 91908 95040 043N55 2E 8 
  485   7611 21908165040 049N26 1E 5 
  486   4222111912 7 0 0 045N26 4E23 
  487   5630111893165040 047N40 2W44 
  488   20 9 91913 630 0 041N55 8E45 
  489   2912 61908195040 048N 0 4W 6 
  490   4215 21897105040 045N26 4E23 
  491   5930 11918 1 0 0 050N39 3E 5 
  492   78 2 61904215040 048N50 2E 8 
  493   63 7 81898 35040 045N47 3E 5 
  494   1127 61903215040 043N12 2E21 
  495   031110191512 0 0 046N34 3E20 
  496   0522 319121740 0 044N33 6E 0 
  497   1330 61910215040 043N18 5E22 
  498   45 81019121430 0 047N54 1E54 
  499   6922121883134040 045N46 4E50 
  500   3118 6191211 0 0 043N37 1E26 
  501   64 7111921 330 0 043N18 0W22 
  502   7829 51907 41040 048N50 2E 8 
  503   3929121911 6 0 0 046N40 5E33 
  504   5230 31910 35040 048N 7 5E 8 
  505   30 5 51868 54236 043N51 4E21 
  506   8229 619151815 0 044N 1 1E20 
  507   1222 81908225040 044N21 2E34 
  508   7519 11906105040 048N50 2E20 
  509   36 8 81911 7 0 0 046N49 1E41 
  510   451612191314 0 0 047N54 1E54 
  511   13 6 81912 850 0 043N18 5E22 
  512   7322111891 95040 045N34 5E55 
  513   8827 21919 9 0 0 048N10 6E28 
  514   2930 4191217 0 0 048N 0 4W 6 
  515   29 2 2191316 0 0 048N 0 4W 6 
  516   59 2 31904175040 050N39 3E 5 
  517   5524 219191115 0 048N46 5E10 
  518   29 6 71893 75040 048N 0 4W 6 
  519   8015101919 5 0 0 049N54 2E18 
  520   2410 31920 5 0 0 045N11 0E44 
  521   3531 71899105040 048N 7 1W40 
  522   2510 519202330 0 047N15 6E 2 
  523   8327 91903225040 043N32 6E28 
  524   29 6 71915 4 0 0 048N 0 4W 6 
  525   3819 31920 2 0 0 045N11 5E43 
  526   5929 71913 7 0 0 050N39 3E 5 
  527   87 7101906142040 045N50 1E15 
  528   36 6 91910 12040 046N49 1E41 
  529   7512 61909165040 048N50 2E20 
  530   4424 61891205040 047N13 1W35 
  531   5130 5191321 0 0 048N57 4E22 
  532   8518 71920 8 0 0 046N40 1W25 
  533   34 5 2192015 0 0 043N37 3E53 
  534   4414 71909 25040 047N13 1W35 
  535   59 7111919 1 0 0 050N39 3E 5 
  536   55 2 31917 2 0 0 048N46 5E10 
  537   731010188813 620 045N34 5E55 
  538   5025101908223040 049N 7 1W 5 
  539   8513 41914 5 0 0 046N40 1W25 
  540   3112 51876 15416 043N37 1E26 
  541   3516 81898123540 048N 7 1W40 
  542   35 7 11903 05040 048N 7 1W40 
  543   33 5 8186722 216 044N50 0W34 
  544   3428 7191416 0 0 043N37 3E53 
  545   7522111904 65040 048N50 2E20 
  546   2413 51889 957 4 045N11 0E44 
  547   3918 51898185040 046N40 5E33 
  548   12 1 31906 85040 044N21 2E34 
  549   4218 5191810 0 0 045N26 4E23 
  550   4514 319131630 0 047N54 1E54 
  551   33 6 1191714 0 0 044N50 0W34 
  552   63 1111892112040 045N47 3E 5 
  553   7110 11871171040 046N18 4E50 
  554   56 1111914 2 0 0 047N40 2W44 
  555   13 1 11899 75040 043N18 5E22 
  556   62 8 81903115040 050N18 2E46 
  557   7516 5191921 0 0 048N50 2E20 
  558   7520 91898115040 048N50 2E20 
  559   7529 31926 630 0 048N50 2E20 
  560   59 612191322 0 0 050N39 3E 5 
  561   3311 7191716 0 0 044N50 0W34 
  562   7712 31922 7 0 0 048N33 2E40 
  563   25 1 11898 45040 047N15 6E 2 